41601   8
7224    10
1478    1
6484    4
1466    1
46438   8
37000   5
37756   6
9544    4
39799   3
16430   5
21715   5
38419   5
32316   9
17762   4
17496   3
25343   7
25393   5
46599   1
37118   10
40639   3
47675   1
43727   8
38163   3
17010   5
9206    1
5910    6
6829    2
6899    1
17968   10
12240   6
7113    5
9810    6
41386   12
2624    5
23299   8
62910   12
34442   1
72142   12
18730   3
33857   5
33709   6
7189    5
3589    3
6658    4
26131   5
11296   1
39356   8
1052    3
19483   7
23842   3
8969    5
33866   2
12763   2
69703   11
45292   6
49040   8
29777   5
33667   6
25368   4
40673   1
21226   2
20926   7
20849   9
8150    5
298     6
13650   7
18710   4
18533   6
39317   2
29611   3
22732   3
22449   3
25695   8
2525    3
35604   3
32590   5
13471   3
14804   1
37922   8
70401   11
5042    3
47171   5
22944   4
60572   12
44352   10
8509    9
8938    6
11138   8
19827   5
4213    8
36730   3
13705   4
14609   4
4356    3
16365   3
10169   3
13160   3
32378   6
24309   5
30846   6
33960   3
39169   8
14776   3
5219    1
13918   3
4359    3
29179   3
43789   9
14887   1
18460   2
4043    5
34811   3
15587   10
33718   3
28395   1
40354   4
38121   3
13720   6
41721   3
37712   7
37695   3
2746    3
22599   3
4235    3
9068    8
38098   9
46878   10
29393   6
47904   2
17164   6
28713   3
6156    8
7446    10
45078   4
31051   2
35909   8
5923    2
71758   3
25347   9
24884   4
62245   2
2524    6
14047   3
41842   2
3782    2
70681   11
32966   1
11448   8
27788   10
18568   6
4431    3
60684   3
28993   8
3282    10
25649   3
12511   3
43401   5
16415   2
8877    6
71630   11
68391   11
11839   12
7557    8
18834   5
26348   6
69582   11
29464   3
9887    11
21124   5
45703   5
48286   10
22690   5
22080   11
36870   2
28423   7
19145   6
24053   3
5740    8
29237   
2434    3
23105   8
35020   3
8972    4
5244    10
47978   2
29241   7
6777    3
2369    3
1814    3
2348    6
23054   2
6860    2
28724   5
34234   3
11211   2
25851   3
31028   8
36526   2
41928   5
6659    6
32997   3
12876   3
15591   4
44237   7
12522   6
69148   2
28558   2
33926   3
45640   10
18687   3
40637   4
30784   5
3645    3
13423   7
18552   2
9111    4
33745   2
19565   4
5935    4
20266   3
42702   1
236     6
14956   10
23182   4
71328   11
5506    4
12204   3
22626   10
1864    3
23256   8
2       7
21912   6
7685    6
6356    2
7973    3
1353    1
1998    6
15249   12
19955   3
30878   7
39833   8
30920   2
854     10
10046   9
14835   9
15053   6
15165   6
38182   5
45941   6
3758    5
11300   6
24694   8
60320   12
36241   3
32184   5
38666   10
21522   1
40691   1
26240   6
36415   3
1515    6
42850   3
30762   1
6969    10
6631    1
22896   2
71209   3
42241   5
25625   4
18289   6
49133   1
2921    8
70814   11
16941   5
4955    5
20580   2
32955   9
7228    8
34598   1
14435   3
45032   3
10574   3
47169   6
12305   3
9077    3
42086   5
18214   1
13582   2
25238   1
32340   10
35972   1
49142   3
28359   3
10160   2
70831   11
25152   7
17342   3
24257   2
10603   5
33642	3
49385	3
5862	10
30883	10
22007	6
30948	11
18428	3
13229	1
44396	9
36246	6
23552	3
47214	1
9254	3
44119	6
38755	1
11348	4
49476	2
13444	3
15668	7
3326	3
43832	6
18901	1
41449	6
17622	2
20853	5
47674	3
12183	2
39412	4
45412	9
30013	1
29208	1
35513	2
27887	10
32849	5
42660	6
24952	3
1462	3
30969	2
12553	6
13932	10
28695	8
26781	7
63323	2
10158	1
69365	11
41794	3
62264	2
31171	8
1053	10
15636	9
45587	4
59401	11
68402	2
12869	2
13904	3
27407	4
19281	10
24673	8
13797	2
9108	6
21001	6
17796	1
8259	5
6983	11
44982	3
35125	1
34990	8
38438	6
22826	6
47748	2
24956	9
34799	2
30008	6
37103	3
22587	2
23247	2
8718	5
11699	4
8473	7
19362	3
9466	7
9281	7
42663	8
23363	10
15520	4
44940	8
39536	10
58024	12
34145	6
20718	2
5851	1
41003	3
9392	3
59297	12
38167	6
26056	5
1751	5
49242	6
12175	3
33922	3
7714	5
11223	3
25092	3
6636	5
14649	6
221	6
71833	3
3437	9
44115	8
11555	5
27885	8
44786	2
59306	5
21246	6
38123	3
49938	6
41975	10
385	2
16642	8
47141	2
4842	6
48459	6
36869	8
38771	6
37002	7
36898	1
8728	1
36510	2
70516	11
37494	6
29159	2
6581	7
39151	3
32169	12
1374	1
46348	5
8009	5
30178	3
38292	10
13228	7
42627	5
31158	3
20863	1
12286	9
34259	3
41964	3
3967	3
20768	8
24580	1
30711	3
31807	2
10434	4
30514	6
45360	3
38342	10
42214	2
45977	4
1862	7
20248	8
2848	1
24509	6
6387	8
44872	1
17886	12
26498	2
2552	6
7153	3
11951	5
3878	8
36459	5
2418	2
15302	3
42985	1
38015	7
45345	6
36178	7
12696	6
25031	8
46064	5
61651	11
16047	4
7506	3
32632	8
69259	11
49604	5
47202	7
35971	9
17267	10
31186	2
61152	5
30341	10
35308	10
46180	3
47720	6
780	5
21172	6
19416	10
43570	3
31268	3
12370	2
10511	2
25818	3
21892	9
4695	5
27585	10
70978	12
13714	1
41080	3
20464	4
19712	3
19622	2
12294	3
19510	10
42790	10
29811	3
62734	12
4097	1
17406	3
28074	6
36068	3
26475	2
13505	5
9547	8
11727	4
12144	6
34837	2
25870	7
10212	4
43275	5
17211	12
17200	8
44653	1
8690	8
18908	5
39888	1
33618	6
29826	3
23074	3
4291	6
28556	9
33675	3
41970	3
47972	3
12496	6
18812	5
25333	6
47414	5
30093	1
10224	6
63233	2
8527	5
3436	8
19030	6
41622	10
37085	5
44589	6
507	5
4889	3
39461	4
24253	2
24893	10
5884	8
27769	3
45712	5
32516	5
24181	10
34325	2
42843	7
24863	1
30810	11
18923	8
18856	1
47553	3
9069	10
32664	6
15336	2
42048	9
62947	11
3166	1
22533	8
33169	6
32785	5
6843	10
46215	5
15015	6
1546	3
133	3
13504	5
4502	2
32680	10
29138	1
5779	3
26282	3
43359	2
48468	5
49732	6
29006	9
44600	7
46639	8
38338	5
26975	8
20579	8
20780	7
48006	8
21733	3
13781	5
14508	5
62525	11
59381	4
17858	6
33784	8
44579	2
32337	4
5200	8
38202	11
8712	10
24159	1
45387	9
19645	2
48862	6
18010	10
5577	6
6699	2
43783	4
34218	8
31693	3
46923	10
27916	3
38694	10
45768	5
3980	2
58568	11
15675	9
62396	12
14832	8
42078	5
34527	7
39552	5
24713	5
47261	4
38254	8
22574	7
6391	10
33965	8
32115	7
38517	6
70895	11
4156	6
6954	10
38159	6
7726	5
43647	7
49311	3
26254	5
12642	6
58424	12
38870	6
60251	3
28501	3
22312	6
71938	7
13910	3
14158	6
33264	2
26600	3
5799	7
10032	3
15268	1
20697	3
21164	12
47676	3
5441	3
49546	8
9450	2
39952	7
49280	3
11121	7
14219	5
31942	9
37607	9
46433	3
6297	2
16352	3
23724	2
35585	3
29298	5
9	7
23791	1
42920	3
16314	2
398	6
20500	1
12586	3
7423	5
36235	12
40674	2
25531	6
29666	5
18123	3
23809	2
38710	6
59337	12
41289	3
20238	7
38297	6
4316	5
46047	8
40366	7
27607	3
20529	6
36699	5
23221	2
28347	1
17474	1
46756	6
149	7
9469	8
12805	5
14697	8
22481	3
24437	8
4275	8
40038	3
34121	2
38281	4
45848	7
16912	6
40297	10
20320	10
35708	5
38815	8
40524	8
22002	12
10682	8
21716	3
43934	5
17111	2
29277	8
17463	4
36608	7
47395	8
21596	6
45362	1
14339	10
42405	9
9027	5
9398	3
3114	8
1039	3
20977	5
26364	10
30786	7
24730	6
42495	8
42731	10
62193	12
6127	10
19000	8
12174	10
10547	6
21518	3
40015	2
11948	2
69536	11
34055	6
31177	8
49884	6
7039	10
29478	3
24844	7
47037	7
44755	3
25803	10
23602	8
10575	1
4759	4
37482	2
17483	5
45899	6
29538	3
21305	1
20413	9
40669	1
32333	7
8643	2
32226	11
16474	3
27142	1
35746	6
37025	2
26546	6
14913	7
15859	3
20286	4
10768	8
36287	3
27339	3
5349	8
6825	2
46127	8
20393	1
20346	2
42560	1
38304	5
41605	1
33980	3
26450	5
45560	8
5048	3
25284	3
25495	3
24235	3
3255	2
59848	8
33884	5
32177	2
40037	2
47526	6
62052	12
35035	6
63188	5
7305	6
19673	3
29492	3
17980	8
31457	6
48861	5
34618	7
14761	9
28188	2
2173	9
22475	8
69182	11
35793	7
8792	3
27962	6
15824	6
68629	11
31921	8
62620	3
8763	6
36719	9
24829	3
42587	3
42004	6
23085	1
34544	3
15880	6
21077	8
26060	2
47992	11
17459	3
42687	6
8695	10
37728	1
43893	6
29223	3
45673	3
33579	4
71759	5
41861	7
29372	6
22091	6
37724	2
1105	1
42357	5
24517	8
30765	5
6839	1
24648	1
33538	4
13341	3
30368	3
24710	6
26449	6
18778	2
18697	4
49505	8
45424	1
11169	3
39402	6
1472	1
70099	11
25244	1
20870	4
4466	8
32960	5
13815	2
31262	6
33753	5
12565	3
34300	5
45403	1
19509	5
58303	12
37286	2
17705	10
1717	6
28468	6
15682	7
39215	10
12757	8
40161	3
62987	12
5193	3
46932	2
26474	7
13785	1
40131	8
11229	3
13146	7
31034	2
33582	5
36440	8
18669	3
61344	3
18844	7
24659	7
43822	2
37417	11
24455	1
12599	6
19109	10
24124	6
38670	2
20169	2
32429	5
4901	6
32382	5
49212	3
38474	8
25801	5
46838	3
29563	3
38902	6
14159	3
38451	11
7922	1
17665	5
22259	1
11221	6
20143	5
33565	8
39940	6
43752	3
30640	3
8535	3
17569	2
4939	5
20342	8
6613	8
32044	3
59736	10
31106	10
7488	6
20962	6
57172	3
29460	8
1021	10
44987	2
10142	5
68870	12
20246	8
42003	3
36875	2
4199	3
24340	3
32324	8
2782	7
6917	3
22841	6
2294	2
28411	4
37808	3
48501	1
22962	3
4282	6
34023	7
16362	3
22130	2
20004	5
49336	10
35072	5
19464	1
23932	4
62930	11
29262	6
32610	2
28592	9
69417	3
27455	2
11404	8
47803	6
33257	10
16017	10
2057	9
23592	10
14282	6
28099	6
17468	10
13791	10
28428	10
31513	1
71495	11
42942	3
9512	3
31134	7
18686	2
23847	2
3857	10
38337	2
68967	11
1027	5
18865	6
10084	2
71932	11
70602	2
42677	1
3450	2
6450	2
22738	4
61622	5
44640	2
6462	5
3008	6
13973	10
40439	7
1721	8
72079	3
25656	8
28265	10
48278	7
17822	7
20215	6
45048	3
35954	6
23522	2
72187	11
9503	3
30704	3
20611	6
41546	4
48780	9
27632	3
6753	4
9166	2
28482	3
7090	10
46337	5
36841	5
35947	8
34025	3
7061	3
187	7
46728	2
28289	9
4522	9
22331	5
16171	5
5466	7
38025	9
20154	12
33698	5
36574	8
26884	5
42111	5
4813	8
3515	6
24175	4
61206	3
4482	8
30980	9
39145	6
45338	6
19933	6
45817	10
18694	4
48242	3
13762	3
7000	8
19292	3
7216	5
22076	8
12296	11
37702	9
5101	3
29582	3
46774	7
45735	8
17231	6
27498	11
40031	7
1836	2
35628	5
35797	3
5530	9
26535	7
20995	2
45854	8
34007	8
6928	3
12723	12
6668	6
15066	10
26451	2
16528	3
17185	3
6309	7
9021	6
14864	4
40928	9
27286	9
16972	7
39504	8
43012	3
20594	6
61916	5
16423	10
29719	3
42997	4
22973	5
45983	2
59489	3
34568	6
4399	4
62828	3
11383	8
61048	3
45033	10
30800	6
34497	3
26270	5
20765	3
44274	5
17313	5
37063	10
58714	12
43157	3
1159	5
12788	7
10626	9
18255	1
1820	3
47492	6
28206	4
16375	2
20654	10
15204	4
45553	8
28156	5
71871	11
16161	6
39027	2
71590	12
12961	8
24379	10
2326	6
2059	2
39849	1
57610	5
4381	7
14317	10
40753	8
29153	5
23336	7
36050	4
14559	10
25890	5
70724	2
14299	8
26525	12
35989	4
40775	1
6679	3
45506	5
28898	6
7663	6
25456	2
46633	3
17815	2
39106	10
47264	1
29571	6
61113	12
59059	5
68843	2
47050	5
39892	10
1231	4
48771	4
12613	3
3651	3
35865	3
13197	10
6028	11
14959	10
22900	2
3639	1
32564	3
44859	6
68963	11
27134	6
14694	8
35298	7
41200	3
10685	1
10907	3
49281	3
29003	5
18680	8
26173	8
1905	6
308	6
37551	8
7509	9
28650	6
3741	8
36817	3
37486	1
43155	3
6718	11
26598	7
27904	5
23834	3
13613	10
18554	3
1301	6
10846	7
32021	10
20637	5
29325	2
46911	3
35124	2
24473	8
5604	8
70543	11
47881	4
69247	12
15195	3
12879	3
46256	9
31927	8
16758	7
9657	6
38497	11
48162	3
7806	6
24401	3
41245	2
4531	2
42238	5
9749	7
36993	5
17834	10
14003	1
9612	7
71178	3
34597	5
21737	6
21389	4
26029	3
13023	6
49818	3
31348	6
23676	6
48692	1
24007	12
35100	3
38252	10
14315	6
1258	4
42871	5
1689	3
14813	7
1822	10
44422	2
41681	6
32107	3
20959	8
27242	8
26406	5
49092	3
28254	10
49933	10
1977	2
40580	8
12847	3
11271	9
1234	4
6633	6
2825	3
24998	4
23527	3
18682	9
49257	5
19247	12
31039	3
59395	12
25653	4
29362	6
852	5
291	2
62361	5
29854	10
46271	9
35468	10
70847	3
36500	11
9686	2
14273	10
20224	5
30632	10
43762	8
18387	5
21188	6
9824	8
23166	3
1407	1
11937	2
29227	12
36597	8
43605	4
1038	10
6186	1
42006	3
47067	5
14836	2
8880	3
38832	2
39685	4
44135	9
39713	4
22308	3
14205	8
26400	4
49598	8
11943	5
19378	3
40896	3
49032	3
25360	2
12467	2
42543	3
10830	8
42690	7
45694	5
19943	4
49091	3
22934	6
9490	5
15011	2
47163	10
4574	9
26902	3
45716	1
7414	3
20904	2
38363	3
28033	5
35487	7
32193	5
42453	3
46597	4
18769	4
1805	9
21338	2
36645	6
33599	2
19107	5
14973	1
9537	1
22417	7
17937	5
21534	2
71793	2
31575	10
4492	9
28352	2
39837	9
8717	4
38724	10
21628	2
30643	9
40738	2
17293	8
62069	12
23209	2
9460	11
49165	6
12810	4
49471	3
27600	5
30959	5
21265	1
8549	3
23082	1
10042	6
41718	6
15927	2
18755	8
8089	10
36464	8
48453	7
30188	3
20499	2
62122	12
45247	3
32965	5
30073	4
18642	6
39889	2
20014	2
6717	5
44839	3
60350	9
3416	1
48168	3
35873	9
5482	1
61132	10
40816	3
26913	2
15714	1
44565	3
8029	2
13234	3
15052	7
29583	4
24913	2
1463	1
41782	2
9046	2
37364	1
34808	8
38859	3
11557	8
14011	10
45754	3
7277	2
19357	3
23920	4
18455	11
29436	6
44918	1
33619	3
9767	7
26422	7
17222	10
13992	10
16218	8
30090	2
25357	8
36191	11
42746	11
43862	2
48250	2
16718	4
25998	11
1604	3
32989	8
1424	11
6210	6
24821	2
3320	8
1499	1
72000	2
34154	2
68981	7
10780	3
1075	9
19506	1
46812	5
3701	3
35371	2
17694	6
33259	3
36306	4
39107	10
9036	7
39314	6
33793	6
46187	2
6260	4
43430	3
4923	7
31963	2
18380	10
18432	8
17970	5
61031	12
9594	10
23884	4
42106	12
26660	2
58417	11
33412	3
13722	8
16201	3
10934	5
27748	3
6395	7
28677	6
43376	4
25576	3
47840	5
8106	9
26513	6
37270	2
25048	4
31715	5
24023	1
24808	3
57523	3
22035	1
46355	2
48100	5
45294	3
25839	3
28361	12
12414	11
32432	5
22221	1
42720	7
9061	3
2414	6
48267	5
33893	3
21335	5
71844	11
23155	1
2236	3
39406	5
13562	6
19627	3
37676	9
42465	6
1683	8
11508	2
27836	6
38138	6
60168	5
35406	2
20247	3
48535	4
38969	2
69347	3
28928	4
18620	3
12222	3
22593	1
4554	6
5734	2
31259	12
21841	3
12250	6
21931	9
62323	12
34275	6
47521	3
2626	6
8758	1
28105	2
34192	6
3675	7
12776	7
34401	4
32667	1
6066	8
1177	4
45874	3
29579	4
43876	4
38547	3
1208	6
12408	3
8927	4
37703	1
61518	11
34489	7
21091	4
17505	2
48689	11
12472	6
28631	2
42788	1
62506	10
71125	12
24192	1
27900	6
34490	3
61213	5
16652	3
5582	9
7847	2
7778	8
11878	9
26611	7
11240	3
43620	3
24097	4
49767	7
2719	11
58352	12
18153	2
17929	8
5572	6
20116	8
48033	2
36698	3
32041	7
43557	7
14408	5
48406	3
46761	3
43153	9
1824	8
39717	2
3046	1
11522	1
26310	8
3749	2
7841	5
29736	10
35198	10
13462	5
11623	9
32465	5
11985	10
22206	6
44569	6
44974	6
9630	10
45842	3
57976	5
21844	9
15782	3
31015	6
30897	9
49532	9
26209	6
7221	10
27146	2
4749	2
45964	2
34906	1
62469	1
21651	11
11543	3
28031	5
48382	3
41986	7
39624	7
14532	5
68771	11
34718	6
62009	12
27279	6
10623	7
2907	3
69186	5
3822	7
5806	3
41453	12
45379	5
3709	10
43165	3
48089	6
20714	10
36465	1
25316	3
11929	3
19910	3
29961	3
30703	10
24119	7
27206	3
32009	3
20340	10
36061	3
12254	3
36954	8
38567	1
46671	10
23174	2
57215	7
22755	2
8164	6
9256	3
8136	10
19265	6
20733	11
12406	3
6160	1
10633	3
42037	7
7279	8
32703	3
31247	6
33977	7
39472	10
18743	7
1190	5
48646	3
14113	4
19705	5
1959	2
27181	3
43978	4
28940	3
14038	8
68295	2
7399	9
26185	5
29224	3
40156	1
3713	1
31687	10
13943	5
19375	2
42721	6
71646	11
14524	2
38261	10
57494	5
10074	2
45455	6
11410	3
3541	1
18609	3
14126	6
37058	1
14881	6
12997	5
36410	2
40171	4
19312	10
68640	11
43100	8
3105	10
70622	11
27930	8
63195	2
37316	8
46640	9
28781	6
15310	5
15972	3
6722	2
1042	7
17088	5
23215	7
15843	3
45131	3
38772	4
43413	7
48149	5
44150	3
39238	7
6524	2
43663	3
30934	6
43867	4
8081	4
38742	2
4683	6
3392	3
49538	7
3944	5
58916	12
13474	4
24526	3
44182	5
27153	8
13914	9
17280	12
44491	7
47984	2
30910	10
21187	5
6448	3
6772	3
22227	1
1632	3
32094	8
8644	2
41509	7
9086	10
42688	5
28893	5
68675	11
1843	8
5808	3
41933	3
19976	3
4465	7
34038	10
39996	3
41190	8
19302	6
31486	3
45504	8
48934	1
24116	5
8905	1
30768	6
16538	2
35508	1
16648	7
34146	10
12736	2
46285	3
20994	8
14582	8
19877	5
19209	5
16464	5
37895	6
46395	1
61599	12
30546	2
45771	10
62835	6
28550	1
29286	10
5949	5
4823	5
38242	10
17974	6
6455	2
31095	6
31712	1
375	6
49233	8
24995	8
46034	7
41215	3
11168	4
61322	8
47643	6
33445	3
46648	8
19050	1
40056	2
48768	1
49807	3
45398	6
19090	2
19998	9
32639	6
848	5
48899	3
39336	7
37577	2
28662	10
42184	1
12857	2
33474	6
49583	1
71824	12
35312	10
23640	2
183	2
40934	5
1013	5
14285	8
70109	11
47534	2
20056	5
17432	8
69312	5
239	3
1786	8
11619	3
6660	1
41962	10
165	2
2514	5
11458	2
12229	3
61138	3
24773	3
4352	1
36895	5
30823	8
7009	6
3519	3
5336	4
7975	10
47588	2
13277	3
60567	10
36254	5
37223	1
34732	2
42666	5
11542	3
8800	10
3256	8
823	3
68390	11
30566	3
13272	2
42982	7
42591	3
27298	6
38423	7
70755	2
25414	1
27041	4
29731	12
5031	6
13792	6
69378	2
7483	6
1923	7
1293	12
20373	3
15017	3
45016	3
29597	10
31397	2
33997	10
44436	8
57628	11
48970	3
14244	5
29439	1
11201	2
20790	3
48775	10
22680	3
6963	3
9401	8
8093	4
7222	3
11885	5
1562	1
36179	6
24922	2
43000	3
10166	8
1396	7
2877	4
3079	3
32464	3
17851	7
31787	8
11831	3
70870	3
7735	6
41122	3
57784	5
38714	8
102	7
60827	12
47275	8
31653	8
27786	11
1772	8
3748	11
44861	9
22313	3
4588	8
26179	9
26883	3
1673	5
19779	3
12699	6
43522	11
39173	10
35248	4
21595	3
48993	10
15684	8
26710	2
21348	3
11765	12
17753	2
2080	5
32166	2
63215	12
17140	6
43999	8
48770	1
25722	2
41128	3
18836	10
26812	4
48348	1
25432	3
25811	1
6585	2
38496	11
41139	6
10264	7
19772	2
25424	10
37311	7
38584	2
32784	8
14692	6
14168	4
41724	5
30130	8
37396	2
39033	10
45627	3
60830	3
7200	8
11690	6
28555	10
41119	8
20881	2
15290	2
26025	10
13194	6
23075	3
48788	10
41201	6
26063	3
69355	12
46247	3
12039	3
70603	5
21	5
18086	11
15788	6
23504	5
4263	12
36586	10
30719	6
1551	3
11340	5
15689	10
11764	10
14854	11
18367	5
71391	5
34556	8
37797	3
1730	8
1547	12
41225	3
59166	12
45095	2
17619	5
49394	2
25813	3
3997	10
43602	5
32888	8
43191	11
36213	5
69722	2
72114	5
45815	2
12252	5
37359	1
6408	6
26329	11
13835	6
12486	10
7192	7
21961	2
39130	3
22170	1
2965	7
6095	3
24835	11
35063	6
14387	2
6731	3
12157	5
41093	2
34845	2
15526	2
30149	1
1518	1
49184	2
352	6
26139	6
30433	5
29385	3
34991	1
47532	5
14908	1
35715	5
47326	3
8260	7
27882	3
20711	5
12	10
4345	5
37040	3
39702	2
11000	3
7945	5
46375	1
23642	5
114	7
23652	2
39019	6
49888	3
28062	8
16829	3
17104	4
32422	8
32402	7
47831	2
45759	3
38155	3
31940	10
19471	6
8098	6
48288	3
23015	8
29523	10
8741	5
35340	8
16014	10
46131	3
47060	2
4003	2
11440	7
19689	1
2706	5
26676	3
33102	10
57096	3
39391	6
1240	4
36749	1
72174	2
25100	3
38828	10
45760	12
25773	1
20330	5
31297	11
21567	8
48234	2
21310	5
16132	12
8479	10
194	7
36041	2
6481	7
3737	4
40266	2
32233	3
12717	6
45117	3
42948	7
10476	2
13068	10
34013	6
22927	6
8765	3
1073	11
72061	11
30094	1
6064	7
22938	3
8344	2
42896	3
48082	7
25830	6
23001	3
2132	2
38770	7
28672	5
37120	8
10315	6
21355	3
36030	3
20035	8
1464	5
33679	6
69244	11
37269	3
2690	5
59065	5
49434	8
38319	3
47327	3
62556	4
15028	9
31561	3
12321	1
47908	2
70130	11
30617	3
12770	2
34297	6
68491	12
26723	10
264	2
38037	6
60001	8
69690	11
12113	3
30037	8
7947	3
26390	6
31777	6
24562	3
7309	3
44966	6
22640	10
12262	3
58399	3
21414	4
2307	6
49751	3
21996	9
12711	6
71446	12
37934	3
29293	7
45767	8
9474	8
45377	3
16901	7
7775	10
42712	8
39040	6
34370	5
45041	5
30320	3
17330	7
31678	8
13884	1
39122	2
42760	8
34060	3
33173	6
49115	5
38604	10
33347	3
44180	4
36082	9
10499	7
16885	5
41669	5
19151	4
30736	1
17617	10
31295	8
16056	3
62064	3
18261	2
29866	3
36271	2
69608	11
9023	6
39171	3
70059	2
24519	3
42469	3
5225	7
25725	8
15993	3
25635	6
7458	12
28345	12
5533	3
48458	3
14479	3
49769	10
46875	4
25685	9
41717	2
1744	3
10426	4
18966	3
7397	3
5739	3
41026	3
45790	7
17623	2
34295	1
44978	4
28957	3
48545	6
38131	8
18045	1
23627	8
38504	5
7183	4
2025	6
33964	6
9853	1
18170	3
4758	3
23171	9
5307	3
37871	6
1582	5
4348	3
45322	2
21611	7
39086	2
47985	2
48489	3
18880	7
38520	2
11227	3
10669	1
11973	5
26376	5
44832	2
9934	6
24948	3
11367	10
15548	7
35157	5
32457	3
71465	11
40984	7
33846	5
25470	5
16974	7
11704	6
9730	8
9881	3
20880	7
39204	8
47705	8
48470	5
14651	3
27318	3
69834	2
38962	3
39002	1
69770	3
10514	2
29461	9
28327	2
33103	3
13480	1
39704	2
10982	6
37273	3
21407	2
3225	6
40080	3
71402	11
20016	1
17467	7
1886	3
6863	8
40035	2
8783	5
13866	8
46793	8
40730	3
61999	12
57643	3
15391	11
30510	2
47173	3
45864	10
22793	3
23007	3
32113	10
22496	3
31254	3
69633	11
39134	2
43508	10
8919	9
18645	3
71529	12
26136	6
16076	3
26036	9
43725	7
9483	5
69366	11
43707	4
25291	7
34141	3
28484	2
47484	3
62721	3
34207	2
21515	1
13609	6
3989	4
32231	2
23126	10
12674	5
35884	9
34414	2
69694	2
38195	4
41498	6
22840	8
71784	2
26345	8
39832	6
31076	3
45643	1
4375	7
38187	5
42655	8
11544	8
5139	3
45770	2
48815	2
5197	1
30929	3
22110	5
16618	9
16770	11
39748	8
17595	3
1586	7
1046	10
39082	2
49706	3
35258	5
20779	6
1725	8
40414	1
46053	4
11502	4
35074	4
36941	5
14049	6
28102	8
20581	3
46059	5
26044	3
1400	1
36979	8
7773	3
14495	1
36860	6
17153	3
11066	3
14187	3
37061	5
46147	3
35952	5
18548	8
20695	8
26032	5
33429	3
7504	3
16614	8
39013	12
45293	7
39312	3
38031	6
45165	9
69946	11
14678	2
42935	7
47295	6
14490	7
18762	7
19937	3
4950	4
15407	3
22903	7
30111	6
19172	3
47358	6
19053	5
69936	11
25519	1
15295	3
27864	6
16465	3
11290	5
32918	1
24489	6
4487	6
40778	6
5175	10
71947	11
35324	5
22244	7
25434	10
10486	2
24556	12
49750	8
31516	2
41336	1
41342	11
23755	3
23241	8
15124	2
68343	3
28060	2
16871	2
48400	1
16481	2
21900	3
3806	8
19909	8
10595	2
19435	8
16146	5
27245	8
70922	3
41445	1
37509	10
44550	2
3260	10
11037	8
10034	10
44807	1
49123	5
14173	3
2694	6
11863	9
18849	6
59419	3
1216	5
27304	2
45614	1
24321	8
25642	3
21730	1
17424	6
5214	3
63072	2
39499	5
37078	8
27427	8
33674	5
673	5
47240	3
14451	3
45934	8
13476	2
69813	12
30676	3
9088	6
38033	8
48311	3
19693	10
37116	3
19825	7
15043	7
33820	3
28390	2
10450	3
12332	6
32244	1
15828	6
11316	3
29934	2
37439	1
57468	3
14614	12
27354	3
72145	3
20948	8
30400	3
48860	8
25060	4
18438	6
21576	3
27368	3
1587	8
4865	6
43599	10
8025	8
45588	12
32904	1
16253	3
21186	5
11094	5
16804	3
10873	4
9390	9
48159	5
26689	3
70498	9
12706	6
30080	4
32506	7
5003	5
25335	10
23277	2
49919	8
48050	6
16802	8
37262	5
4071	10
38561	6
46883	1
13811	2
48886	4
28366	6
9674	1
23238	3
21691	1
2794	5
13057	2
69663	11
24557	1
22454	3
10750	3
20670	1
13410	7
48939	2
37055	7
3277	3
362	6
354	2
69196	11
45172	2
48104	2
44267	1
27789	3
40601	3
10252	5
59331	1
13018	5
15661	3
21106	8
43431	3
8674	10
63081	8
43532	3
45193	3
26707	5
43164	2
21727	1
16603	3
16658	2
49905	5
18420	3
62482	11
3710	10
18056	9
27311	7
37515	10
13873	1
43207	6
14786	5
25868	5
48025	9
41313	5
47788	12
26848	3
40289	6
11823	3
2011	9
23709	5
16055	1
134	7
31159	3
28850	8
42537	8
9632	6
27814	6
43950	6
29014	10
11602	1
6557	7
26531	1
11913	2
11493	8
11718	8
68851	11
42324	6
17147	9
2248	3
1054	3
44275	1
21274	3
37244	3
41351	2
6732	3
19089	3
2176	3
25337	3
2227	3
37595	10
26162	4
7322	10
13342	3
37143	6
34181	3
46186	3
58861	5
39779	8
10088	4
25887	3
32239	9
40375	6
28839	3
15579	9
1279	4
24958	9
20939	3
560	6
7290	6
68283	11
37421	2
9724	3
26356	5
7798	10
42951	10
1579	9
25662	11
47858	1
30490	6
1114	8
19737	2
4283	5
35395	4
41696	3
9726	9
35143	7
68962	7
56992	5
23144	3
41576	8
24938	8
14086	9
25621	3
7085	10
61110	11
23019	12
60128	3
35152	2
34818	5
19562	2
3678	8
9982	3
35812	1
1325	1
44768	3
14034	5
17128	8
24290	8
38797	8
17481	2
48018	8
38391	3
72109	3
15645	6
36302	3
46884	9
34667	6
30735	10
2192	3
20598	9
21634	3
28058	3
16428	1
40791	6
5653	8
33465	10
6046	8
49867	3
47349	9
20814	7
18144	3
24051	7
57354	11
145	3
4866	7
11872	3
30228	1
25437	3
6479	3
5993	6
9429	10
13795	9
18734	3
29759	11
19521	1
9058	2
8313	6
19946	5
63297	12
10556	2
24038	7
62863	12
5873	8
33815	6
49775	6
28702	3
42395	2
21063	2
39672	3
12269	2
61036	5
17958	5
26930	1
48477	2
39800	6
42709	7
5857    2
45350   7
22601   9
48760   8
49315   9
2282    3
23423   8
18077   9
5704    3
22614   2
2087    3
18698   5
7934    3
